# kalman_chi_s, kalman_chi_add, kalman_track_chi, kalman_pval_drop, kalman_pval_add, kalman_pval_track, \
# p, merge_cos_theta, merge_distance, seed_closest_approach, vertex_chi2, closest_approach_add, \ 
# kalman_vertex_chi_add, kalman_vertex_chi, kalman_v_add[0], kalman_v_add[1], \
# kalman_v_drop[0], kalman_v_drop[1] \
# start_ev_{i}, end_ev_{i} ... (i indexes dataset)
#
# track chis -> lower bound on probability
#
#150, 200, 15, 5e2, 0.999, 25, 100, 15, 100, 1e5, 100, 0.9, 1.1, 0.9, 1.1, 0, 5000, 0, 100, 0, 3513, 0, 5000
#150, 200, 15, 5e2, 0.998, 25, 100, 15, 100, 1e5, 100, 0.8, 1.2, 0.9, 1.1, 0, 5000, 0, 10000, 0, 5000, 0, 5000, 0, 10000, 0, 5000
#150, 200, 15, 5e2, 0.998, 25, 100, 15, 100, 1e5, 100, 0.8, 1.2, 0.9, 1.1, 0, 10000
# trying p-value cut
# -- adding
# just realised => for dropping
#150, 200, 15, 0.95, 0.1, 0.95, 5e2, 0.998, 25, 100, 15, 100, 1e5, 100, 0.8, 1.2, 0.9, 1.1, 0, 10000
#150, 200, 15, 0.95, 0.25, 0.95, 5e2, 0.998, 25, 100, 15, 100, 1e5, 100, 0.8, 1.2, 0.9, 1.1, 0, 10000
#150, 200, 15, 0.95, 0.50, 0.95, 5e2, 0.998, 25, 100, 15, 100, 1e5, 100, 0.8, 1.2, 0.9, 1.1, 0, 10000
#150, 200, 15, 0.95, 0.80, 0.95, 5e2, 0.998, 25, 100, 15, 100, 1e5, 100, 0.8, 1.2, 0.9, 1.1, 0, 10000
#150, 200, 15, 0.95, 0.90, 0.95, 5e2, 0.998, 25, 100, 15, 100, 1e5, 100, 0.8, 1.2, 0.9, 1.1, 0, 10000
#150, 200, 15, 0.95, 0.95, 0.95, 5e2, 0.998, 25, 100, 15, 100, 1e5, 100, 0.8, 1.2, 0.9, 1.1, 0, 10000
#150, 200, 15, 0.95, 0.975, 0.95, 5e2, 0.998, 25, 100, 15, 100, 1e5, 100, 0.8, 1.2, 0.9, 1.1, 0, 10000
#150, 200, 15, 0.95, 0.9875, 0.95, 5e2, 0.998, 25, 100, 15, 100, 1e5, 100, 0.8, 1.2, 0.9, 1.1, 0, 10000
#150, 200, 15, 0.95, 0.999, 0.95, 5e2, 0.998, 25, 100, 15, 100, 1e5, 100, 0.8, 1.2, 0.9, 1.1, 0, 10000
#150, 200, 15, 0.95, 0.9999, 0.95, 5e2, 0.998, 25, 100, 15, 100, 1e5, 100, 0.8, 1.2, 0.9, 1.1, 0, 10000
#150, 200, 15, 0.95, 0.99999, 0.95, 5e2, 0.998, 25, 100, 15, 100, 1e5, 100, 0.8, 1.2, 0.9, 1.1, 0, 10000
150, 200, 15, 1, 0.99999999, 0.95, 5e2, 0.998, 25, 100, 15, 100, 1e5, 100, 0.8, 1.2, 0.9, 1.1, 0, 10000

# -- dropping
#150, 200, 15, 5e2, 0.998, 25, 100, 15, 100, 1e5, 100, 0.8, 1.2, 0.9, 1.1, 0, 10000
